                   0                   0                   0.01069250                   0.2
                   0                   0                   0.01069250                   0.2
                   0                   0                   0.00904000                   0.2
                   0                   0                   0.00904000                   0.2
                   0                   0                   0.00021200                   0.2
                   0                   0                   0.00021200                   0.2
                   0                   0                   0                            0.2
                   0                   0                   0                            0.2
                   0                   0                   0                            0.2
                   0                   0                   0                            0.2
                   0                   0                   0                            0.2
                   0                   0                   0                            0.2
                   0                   0                   0.00413100                   0.3
                   0                   0                   0.00413100                   0.3
                   0                   0                   0.11504475                   0.3
                   0                   0                   0.11504475                   0.3
                   0                   0                   0.00731125                   0.3
                   0                   0                   0.00731125                   0.3
                   0                   0                   0.00868484                   0.3
                   0                   0                   0.00868484                   0.3
                   0                   0                   0.00895216                   0.3
                   0                   0                   0.00895216                   0.3
                   0                   0                   0.00868484                   0.3
                   0                   0                   0.00868484                   0.3
                   0                   0                   0.00770883                   0.3
                   0                   0                   0.00770883                   0.3
                   0                   0                   0.00794608                   0.3
                   0                   0                   0.00794608                   0.3
                   0                   0                   0.00770883                   0.3
                   0                   0                   0.00770883                   0.3
